11454212 2877512 7113008 20773416 23985541 1929731 5621768 10559209 9690617
1405069 8985490 18311088 1255490 24428900 3246374 8622265 5652338 23174916
7976903 12323002 4382846 13931999 19223717 7873237 25562913 5861274 6971521
18462374 7132522 20452311 6325346 6785565 2840448 17123526 4092219 20061056
24997555 26137410 12760678 142001 18844201 25437807 16602700 8557857 26338288
12869979 540624 5216418 18193963 12621731 5307555 23986973 12202698 24500018
3684715 6481182 19905744 22218368 9982494 4549422 23151227 24318578 13692500
20449606 23723279 19248673 9944908 12415436 18803681 22496834 11890426 11843020
2076038 9065885 21703747 667482 12671673 4366702 22621375 25558084 9257140
25032709 10540328 16387904 21013329 5445092 3940212 7045480 23432096 15306582
14863375 25400370 23995869 14112604 9661846 25957624 524013 3722314 6948347
1852705 3849311 9838434 20751494 18785052 9078901 24992601 11036133 24928661
2744469 18676419 6820244 7285470 24995999 883424 7245998 1934743 4051447
4012582 14922147 25139104 24588400 14696073 19944443 18714438 22225478 13261072
22052508 23395617 10610722 3117958 9289579 21266273 863576 15319514 24480191
16194616 23242914 21398608 1214575 22762963 3841378 24617357 13404668 5883413
4391870 16984626 5257537 3939988 1136233 5654081 8099285 19653773 3047900
12871060 13501919 24343778 5951755 14432773 14621869 8259680 9738931 2533966
10703694 2220257 20529816 25451263 12252856 4134164 8050761 7449791 20365080
