16 3
15
30
10 2 817 361
2 2 426 664
5 1 650 585
2 2 768 427
10 1 502 773
11 2 352 727
0 0 865 401
13 2 571 580
1 0 542 752
0 0 514 989
9 0 177 758
11 1 822 795
7 2 472 26
12 1 824 293
0 2 115 59
14 0 666 407
7 1 906 472
9 0 167 959
8 0 945 369
11 1 467 873
3 1 521 66
5 0 833 218
12 0 299 489
11 1 331 548
11 0 854 498
4 0 613 713
0 1 602 92
6 1 242 991
10 2 123 367
3 2 738 715
14 1 2 897
3 0 0 485
13 1 0 510
13 2 3 713
11 2 1 295
4 1 2 541
10 2 0 719
14 2 2 116
8 0 0 144
2 2 3 268
3 1 2 294
14 0 3 32
2 1 3 105
1 1 2 820
11 0 0 522
10 2 0 783
11 0 0 2
10 0 1 730
12 2 1 186
13 2 1 381
12 0 0 976
9 0 3 873
1 1 0 251
3 2 3 76
12 1 3 25
5 2 1 300
13 1 0 817
3 2 1 91
13 2 2 14
13 2 0 325
